0 1803
1 1624
2 1802
3 1625
4 1801
5 1626
6 1800
7 1627
8 1799
9 1628
10 1798
11 1629
12 1797
13 1630
14 1796
15 1795
16 1794
17 1793
18 1633
19 1792
20 1634
21 1791
22 1635
23 1790
24 1636
25 1789
26 1637
27 1788
28 1638
29 1787
30 1639
31 1786
32 1631
33 2032
34 2033
35 2030
36 2031
37 2028
38 2029
39 2026
40 2027
41 2024
42 2025
43 2022
44 2023
45 2020
46 2021
47 1623
48 1640
49 2046
50 2047
51 2044
52 2045
53 2042
54 2043
55 2040
56 2041
57 2038
58 2039
59 2036
60 2037
61 2034
62 2035
63 1632
64 1812
65 1811
66 1615
67 1810
68 1616
69 1809
70 1617
71 1808
72 1618
73 1807
74 1619
75 1806
76 1620
77 1805
78 1621
79 1804
80 1821
81 1606
82 1820
83 1607
84 1819
85 1608
86 1818
87 1609
88 1817
89 1610
90 1816
91 1611
92 1815
93 1612
94 1814
95 1813
96 1622
97 2018
98 2019
99 2016
100 2017
101 2014
102 2015
103 2012
104 2013
105 2010
106 2011
107 2008
108 2009
109 2006
110 2007
111 1614
112 1613
113 2004
114 2005
115 2002
116 2003
117 2000
118 2001
119 1998
120 1999
121 1996
122 1997
123 1994
124 1995
125 1992
126 1993
127 1605
128 1767
129 1660
130 1766
131 1661
132 1765
133 1662
134 1764
135 1663
136 1763
137 1664
138 1762
139 1665
140 1761
141 1666
142 1760
143 1759
144 1758
145 1757
146 1669
147 1756
148 1670
149 1755
150 1671
151 1754
152 1672
153 1753
154 1673
155 1752
156 1674
157 1751
158 1675
159 1750
160 1667
161 1976
162 1977
163 1974
164 1975
165 1972
166 1973
167 1970
168 1971
169 1968
170 1969
171 1966
172 1967
173 1964
174 1965
175 1659
176 1676
177 1990
178 1991
179 1988
180 1989
181 1986
182 1987
183 1984
184 1985
185 1982
186 1983
187 1980
188 1981
189 1978
190 1979
191 1668
192 1776
193 1775
194 1651
195 1774
196 1652
197 1773
198 1653
199 1772
200 1654
201 1771
202 1655
203 1770
204 1656
205 1769
206 1657
207 1768
208 1785
209 1642
210 1784
211 1643
212 1783
213 1644
214 1782
215 1645
216 1781
217 1646
218 1780
219 1647
220 1779
221 1648
222 1778
223 1777
224 1658
225 1962
226 1963
227 1960
228 1961
229 1958
230 1959
231 1956
232 1957
233 1954
234 1955
235 1952
236 1953
237 1950
238 1951
239 1650
240 1649
241 1948
242 1949
243 1946
244 1947
245 1944
246 1945
247 1942
248 1943
249 1940
250 1941
251 1938
252 1939
253 1936
254 1937
255 1641
256 1731
257 1552
258 1730
259 1553
260 1729
261 1554
262 1728
263 1555
264 1727
265 1556
266 1726
267 1557
268 1725
269 1558
270 1724
271 1723
272 1722
273 1721
274 1561
275 1720
276 1562
277 1719
278 1563
279 1718
280 1564
281 1717
282 1565
283 1716
284 1566
285 1715
286 1567
287 1714
288 1559
289 1839
290 1838
291 1841
292 1840
293 1843
294 1842
295 1845
296 1844
297 1847
298 1846
299 1849
300 1848
301 1851
302 1850
303 1551
304 1568
305 1825
306 1824
307 1827
308 1826
309 1829
310 1828
311 1831
312 1830
313 1833
314 1832
315 1835
316 1834
317 1837
318 1836
319 1560
320 1740
321 1739
322 1543
323 1738
324 1544
325 1737
326 1545
327 1736
328 1546
329 1735
330 1547
331 1734
332 1548
333 1733
334 1549
335 1732
336 1749
337 1678
338 1748
339 1679
340 1747
341 1536
342 1746
343 1537
344 1745
345 1538
346 1744
347 1539
348 1743
349 1540
350 1742
351 1741
352 1550
353 1853
354 1852
355 1855
356 1854
357 1857
358 1856
359 1859
360 1858
361 1861
362 1860
363 1863
364 1862
365 1865
366 1864
367 1542
368 1541
369 1867
370 1866
371 1869
372 1868
373 1871
374 1870
375 1873
376 1872
377 1875
378 1874
379 1877
380 1876
381 1879
382 1878
383 1677
384 1695
385 1588
386 1694
387 1589
388 1693
389 1590
390 1692
391 1591
392 1691
393 1592
394 1690
395 1593
396 1689
397 1594
398 1688
399 1687
400 1686
401 1685
402 1597
403 1684
404 1598
405 1683
406 1599
407 1682
408 1600
409 1681
410 1601
411 1680
412 1602
413 1823
414 1603
415 1822
416 1595
417 1895
418 1894
419 1897
420 1896
421 1899
422 1898
423 1901
424 1900
425 1903
426 1902
427 1905
428 1904
429 1907
430 1906
431 1587
432 1604
433 1881
434 1880
435 1883
436 1882
437 1885
438 1884
439 1887
440 1886
441 1889
442 1888
443 1891
444 1890
445 1893
446 1892
447 1596
448 1704
449 1703
450 1579
451 1702
452 1580
453 1701
454 1581
455 1700
456 1582
457 1699
458 1583
459 1698
460 1584
461 1697
462 1585
463 1696
464 1713
465 1570
466 1712
467 1571
468 1711
469 1572
470 1710
471 1573
472 1709
473 1574
474 1708
475 1575
476 1707
477 1576
478 1706
479 1705
480 1586
481 1909
482 1908
483 1911
484 1910
485 1913
486 1912
487 1915
488 1914
489 1917
490 1916
491 1919
492 1918
493 1921
494 1920
495 1578
496 1577
497 1923
498 1922
499 1925
500 1924
501 1927
502 1926
503 1929
504 1928
505 1931
506 1930
507 1933
508 1932
509 1935
510 1934
511 1569
512 1291
513 1112
514 1290
515 1113
516 1289
517 1114
518 1288
519 1115
520 1287
521 1116
522 1286
523 1117
524 1285
525 1118
526 1284
527 1283
528 1282
529 1281
530 1121
531 1280
532 1122
533 1279
534 1123
535 1278
536 1124
537 1277
538 1125
539 1276
540 1126
541 1275
542 1127
543 1274
544 1119
545 1520
546 1521
547 1518
548 1519
549 1516
550 1517
551 1514
552 1515
553 1512
554 1513
555 1510
556 1511
557 1508
558 1509
559 1111
560 1128
561 1534
562 1535
563 1532
564 1533
565 1530
566 1531
567 1528
568 1529
569 1526
570 1527
571 1524
572 1525
573 1522
574 1523
575 1120
576 1300
577 1299
578 1103
579 1298
580 1104
581 1297
582 1105
583 1296
584 1106
585 1295
586 1107
587 1294
588 1108
589 1293
590 1109
591 1292
592 1309
593 1094
594 1308
595 1095
596 1307
597 1096
598 1306
599 1097
600 1305
601 1098
602 1304
603 1099
604 1303
605 1100
606 1302
607 1301
608 1110
609 1506
610 1507
611 1504
612 1505
613 1502
614 1503
615 1500
616 1501
617 1498
618 1499
619 1496
620 1497
621 1494
622 1495
623 1102
624 1101
625 1492
626 1493
627 1490
628 1491
629 1488
630 1489
631 1486
632 1487
633 1484
634 1485
635 1482
636 1483
637 1480
638 1481
639 1093
640 1255
641 1148
642 1254
643 1149
644 1253
645 1150
646 1252
647 1151
648 1251
649 1152
650 1250
651 1153
652 1249
653 1154
654 1248
655 1247
656 1246
657 1245
658 1157
659 1244
660 1158
661 1243
662 1159
663 1242
664 1160
665 1241
666 1161
667 1240
668 1162
669 1239
670 1163
671 1238
672 1155
673 1464
674 1465
675 1462
676 1463
677 1460
678 1461
679 1458
680 1459
681 1456
682 1457
683 1454
684 1455
685 1452
686 1453
687 1147
688 1164
689 1478
690 1479
691 1476
692 1477
693 1474
694 1475
695 1472
696 1473
697 1470
698 1471
699 1468
700 1469
701 1466
702 1467
703 1156
704 1264
705 1263
706 1139
707 1262
708 1140
709 1261
710 1141
711 1260
712 1142
713 1259
714 1143
715 1258
716 1144
717 1257
718 1145
719 1256
720 1273
721 1130
722 1272
723 1131
724 1271
725 1132
726 1270
727 1133
728 1269
729 1134
730 1268
731 1135
732 1267
733 1136
734 1266
735 1265
736 1146
737 1450
738 1451
739 1448
740 1449
741 1446
742 1447
743 1444
744 1445
745 1442
746 1443
747 1440
748 1441
749 1438
750 1439
751 1138
752 1137
753 1436
754 1437
755 1434
756 1435
757 1432
758 1433
759 1430
760 1431
761 1428
762 1429
763 1426
764 1427
765 1424
766 1425
767 1129
768 1219
769 1040
770 1218
771 1041
772 1217
773 1042
774 1216
775 1043
776 1215
777 1044
778 1214
779 1045
780 1213
781 1046
782 1212
783 1211
784 1210
785 1209
786 1049
787 1208
788 1050
789 1207
790 1051
791 1206
792 1052
793 1205
794 1053
795 1204
796 1054
797 1203
798 1055
799 1202
800 1047
801 1327
802 1326
803 1329
804 1328
805 1331
806 1330
807 1333
808 1332
809 1335
810 1334
811 1337
812 1336
813 1339
814 1338
815 1039
816 1056
817 1313
818 1312
819 1315
820 1314
821 1317
822 1316
823 1319
824 1318
825 1321
826 1320
827 1323
828 1322
829 1325
830 1324
831 1048
832 1228
833 1227
834 1031
835 1226
836 1032
837 1225
838 1033
839 1224
840 1034
841 1223
842 1035
843 1222
844 1036
845 1221
846 1037
847 1220
848 1237
849 1166
850 1236
851 1167
852 1235
853 1024
854 1234
855 1025
856 1233
857 1026
858 1232
859 1027
860 1231
861 1028
862 1230
863 1229
864 1038
865 1341
866 1340
867 1343
868 1342
869 1345
870 1344
871 1347
872 1346
873 1349
874 1348
875 1351
876 1350
877 1353
878 1352
879 1030
880 1029
881 1355
882 1354
883 1357
884 1356
885 1359
886 1358
887 1361
888 1360
889 1363
890 1362
891 1365
892 1364
893 1367
894 1366
895 1165
896 1183
897 1076
898 1182
899 1077
900 1181
901 1078
902 1180
903 1079
904 1179
905 1080
906 1178
907 1081
908 1177
909 1082
910 1176
911 1175
912 1174
913 1173
914 1085
915 1172
916 1086
917 1171
918 1087
919 1170
920 1088
921 1169
922 1089
923 1168
924 1090
925 1311
926 1091
927 1310
928 1083
929 1383
930 1382
931 1385
932 1384
933 1387
934 1386
935 1389
936 1388
937 1391
938 1390
939 1393
940 1392
941 1395
942 1394
943 1075
944 1092
945 1369
946 1368
947 1371
948 1370
949 1373
950 1372
951 1375
952 1374
953 1377
954 1376
955 1379
956 1378
957 1381
958 1380
959 1084
960 1192
961 1191
962 1067
963 1190
964 1068
965 1189
966 1069
967 1188
968 1070
969 1187
970 1071
971 1186
972 1072
973 1185
974 1073
975 1184
976 1201
977 1058
978 1200
979 1059
980 1199
981 1060
982 1198
983 1061
984 1197
985 1062
986 1196
987 1063
988 1195
989 1064
990 1194
991 1193
992 1074
993 1397
994 1396
995 1399
996 1398
997 1401
998 1400
999 1403
1000 1402
1001 1405
1002 1404
1003 1407
1004 1406
1005 1409
1006 1408
1007 1066
1008 1065
1009 1411
1010 1410
1011 1413
1012 1412
1013 1415
1014 1414
1015 1417
1016 1416
1017 1419
1018 1418
1019 1421
1020 1420
1021 1423
1022 1422
1023 1057
1024 266
1025 87
1026 265
1027 88
1028 264
1029 89
1030 263
1031 90
1032 262
1033 91
1034 261
1035 92
1036 260
1037 93
1038 259
1039 258
1040 257
1041 256
1042 96
1043 255
1044 97
1045 254
1046 98
1047 253
1048 99
1049 252
1050 100
1051 251
1052 101
1053 250
1054 102
1055 249
1056 94
1057 496
1058 497
1059 494
1060 495
1061 492
1062 493
1063 490
1064 491
1065 488
1066 489
1067 486
1068 487
1069 484
1070 485
1071 86
1072 103
1073 510
1074 511
1075 508
1076 509
1077 506
1078 507
1079 504
1080 505
1081 502
1082 503
1083 500
1084 501
1085 498
1086 499
1087 95
1088 275
1089 274
1090 78
1091 273
1092 79
1093 272
1094 80
1095 271
1096 81
1097 270
1098 82
1099 269
1100 83
1101 268
1102 84
1103 267
1104 284
1105 69
1106 283
1107 70
1108 282
1109 71
1110 281
1111 72
1112 280
1113 73
1114 279
1115 74
1116 278
1117 75
1118 277
1119 276
1120 85
1121 482
1122 483
1123 480
1124 481
1125 478
1126 479
1127 476
1128 477
1129 474
1130 475
1131 472
1132 473
1133 470
1134 471
1135 77
1136 76
1137 468
1138 469
1139 466
1140 467
1141 464
1142 465
1143 462
1144 463
1145 460
1146 461
1147 458
1148 459
1149 456
1150 457
1151 68
1152 230
1153 123
1154 229
1155 124
1156 228
1157 125
1158 227
1159 126
1160 226
1161 127
1162 225
1163 128
1164 224
1165 129
1166 223
1167 222
1168 221
1169 220
1170 132
1171 219
1172 133
1173 218
1174 134
1175 217
1176 135
1177 216
1178 136
1179 215
1180 137
1181 214
1182 138
1183 213
1184 130
1185 440
1186 441
1187 438
1188 439
1189 436
1190 437
1191 434
1192 435
1193 432
1194 433
1195 430
1196 431
1197 428
1198 429
1199 122
1200 139
1201 454
1202 455
1203 452
1204 453
1205 450
1206 451
1207 448
1208 449
1209 446
1210 447
1211 444
1212 445
1213 442
1214 443
1215 131
1216 239
1217 238
1218 114
1219 237
1220 115
1221 236
1222 116
1223 235
1224 117
1225 234
1226 118
1227 233
1228 119
1229 232
1230 120
1231 231
1232 248
1233 105
1234 247
1235 106
1236 246
1237 107
1238 245
1239 108
1240 244
1241 109
1242 243
1243 110
1244 242
1245 111
1246 241
1247 240
1248 121
1249 426
1250 427
1251 424
1252 425
1253 422
1254 423
1255 420
1256 421
1257 418
1258 419
1259 416
1260 417
1261 414
1262 415
1263 113
1264 112
1265 412
1266 413
1267 410
1268 411
1269 408
1270 409
1271 406
1272 407
1273 404
1274 405
1275 402
1276 403
1277 400
1278 401
1279 104
1280 194
1281 15
1282 193
1283 16
1284 192
1285 17
1286 191
1287 18
1288 190
1289 19
1290 189
1291 20
1292 188
1293 21
1294 187
1295 186
1296 185
1297 184
1298 24
1299 183
1300 25
1301 182
1302 26
1303 181
1304 27
1305 180
1306 28
1307 179
1308 29
1309 178
1310 30
1311 177
1312 22
1313 303
1314 302
1315 305
1316 304
1317 307
1318 306
1319 309
1320 308
1321 311
1322 310
1323 313
1324 312
1325 315
1326 314
1327 14
1328 31
1329 289
1330 288
1331 291
1332 290
1333 293
1334 292
1335 295
1336 294
1337 297
1338 296
1339 299
1340 298
1341 301
1342 300
1343 23
1344 203
1345 202
1346 6
1347 201
1348 7
1349 200
1350 8
1351 199
1352 9
1353 198
1354 10
1355 197
1356 11
1357 196
1358 12
1359 195
1360 212
1361 141
1362 211
1363 142
1364 210
1365 143
1366 209
1367 0
1368 208
1369 1
1370 207
1371 2
1372 206
1373 3
1374 205
1375 204
1376 13
1377 317
1378 316
1379 319
1380 318
1381 321
1382 320
1383 323
1384 322
1385 325
1386 324
1387 327
1388 326
1389 329
1390 328
1391 5
1392 4
1393 331
1394 330
1395 333
1396 332
1397 335
1398 334
1399 337
1400 336
1401 339
1402 338
1403 341
1404 340
1405 343
1406 342
1407 140
1408 158
1409 51
1410 157
1411 52
1412 156
1413 53
1414 155
1415 54
1416 154
1417 55
1418 153
1419 56
1420 152
1421 57
1422 151
1423 150
1424 149
1425 148
1426 60
1427 147
1428 61
1429 146
1430 62
1431 145
1432 63
1433 144
1434 64
1435 287
1436 65
1437 286
1438 66
1439 285
1440 58
1441 359
1442 358
1443 361
1444 360
1445 363
1446 362
1447 365
1448 364
1449 367
1450 366
1451 369
1452 368
1453 371
1454 370
1455 50
1456 67
1457 345
1458 344
1459 347
1460 346
1461 349
1462 348
1463 351
1464 350
1465 353
1466 352
1467 355
1468 354
1469 357
1470 356
1471 59
1472 167
1473 166
1474 42
1475 165
1476 43
1477 164
1478 44
1479 163
1480 45
1481 162
1482 46
1483 161
1484 47
1485 160
1486 48
1487 159
1488 176
1489 33
1490 175
1491 34
1492 174
1493 35
1494 173
1495 36
1496 172
1497 37
1498 171
1499 38
1500 170
1501 39
1502 169
1503 168
1504 49
1505 373
1506 372
1507 375
1508 374
1509 377
1510 376
1511 379
1512 378
1513 381
1514 380
1515 383
1516 382
1517 385
1518 384
1519 41
1520 40
1521 387
1522 386
1523 389
1524 388
1525 391
1526 390
1527 393
1528 392
1529 395
1530 394
1531 397
1532 396
1533 399
1534 398
1535 32
1536 777
1537 598
1538 776
1539 599
1540 775
1541 600
1542 774
1543 601
1544 773
1545 602
1546 772
1547 603
1548 771
1549 604
1550 770
1551 769
1552 768
1553 767
1554 607
1555 766
1556 608
1557 765
1558 609
1559 764
1560 610
1561 763
1562 611
1563 762
1564 612
1565 761
1566 613
1567 760
1568 605
1569 927
1570 926
1571 929
1572 928
1573 931
1574 930
1575 933
1576 932
1577 935
1578 934
1579 937
1580 936
1581 939
1582 938
1583 597
1584 614
1585 913
1586 912
1587 915
1588 914
1589 917
1590 916
1591 919
1592 918
1593 921
1594 920
1595 923
1596 922
1597 925
1598 924
1599 606
1600 786
1601 785
1602 589
1603 784
1604 590
1605 783
1606 591
1607 782
1608 592
1609 781
1610 593
1611 780
1612 594
1613 779
1614 595
1615 778
1616 795
1617 580
1618 794
1619 581
1620 793
1621 582
1622 792
1623 583
1624 791
1625 584
1626 790
1627 585
1628 789
1629 586
1630 788
1631 787
1632 596
1633 941
1634 940
1635 943
1636 942
1637 945
1638 944
1639 947
1640 946
1641 949
1642 948
1643 951
1644 950
1645 953
1646 952
1647 588
1648 587
1649 955
1650 954
1651 957
1652 956
1653 959
1654 958
1655 961
1656 960
1657 963
1658 962
1659 965
1660 964
1661 967
1662 966
1663 579
1664 741
1665 634
1666 740
1667 635
1668 739
1669 636
1670 738
1671 637
1672 737
1673 638
1674 736
1675 639
1676 735
1677 640
1678 734
1679 733
1680 732
1681 731
1682 643
1683 730
1684 644
1685 729
1686 645
1687 728
1688 646
1689 727
1690 647
1691 726
1692 648
1693 725
1694 649
1695 724
1696 641
1697 983
1698 982
1699 985
1700 984
1701 987
1702 986
1703 989
1704 988
1705 991
1706 990
1707 993
1708 992
1709 995
1710 994
1711 633
1712 650
1713 969
1714 968
1715 971
1716 970
1717 973
1718 972
1719 975
1720 974
1721 977
1722 976
1723 979
1724 978
1725 981
1726 980
1727 642
1728 750
1729 749
1730 625
1731 748
1732 626
1733 747
1734 627
1735 746
1736 628
1737 745
1738 629
1739 744
1740 630
1741 743
1742 631
1743 742
1744 759
1745 616
1746 758
1747 617
1748 757
1749 618
1750 756
1751 619
1752 755
1753 620
1754 754
1755 621
1756 753
1757 622
1758 752
1759 751
1760 632
1761 997
1762 996
1763 999
1764 998
1765 1001
1766 1000
1767 1003
1768 1002
1769 1005
1770 1004
1771 1007
1772 1006
1773 1009
1774 1008
1775 624
1776 623
1777 1011
1778 1010
1779 1013
1780 1012
1781 1015
1782 1014
1783 1017
1784 1016
1785 1019
1786 1018
1787 1021
1788 1020
1789 1023
1790 1022
1791 615
1792 705
1793 526
1794 704
1795 527
1796 703
1797 528
1798 702
1799 529
1800 701
1801 530
1802 700
1803 531
1804 699
1805 532
1806 698
1807 697
1808 696
1809 695
1810 535
1811 694
1812 536
1813 693
1814 537
1815 692
1816 538
1817 691
1818 539
1819 690
1820 540
1821 689
1822 541
1823 688
1824 533
1825 896
1826 897
1827 894
1828 895
1829 892
1830 893
1831 890
1832 891
1833 888
1834 889
1835 886
1836 887
1837 884
1838 885
1839 525
1840 542
1841 910
1842 911
1843 908
1844 909
1845 906
1846 907
1847 904
1848 905
1849 902
1850 903
1851 900
1852 901
1853 898
1854 899
1855 534
1856 714
1857 713
1858 517
1859 712
1860 518
1861 711
1862 519
1863 710
1864 520
1865 709
1866 521
1867 708
1868 522
1869 707
1870 523
1871 706
1872 723
1873 652
1874 722
1875 653
1876 721
1877 654
1878 720
1879 655
1880 719
1881 512
1882 718
1883 513
1884 717
1885 514
1886 716
1887 715
1888 524
1889 882
1890 883
1891 880
1892 881
1893 878
1894 879
1895 876
1896 877
1897 874
1898 875
1899 872
1900 873
1901 870
1902 871
1903 516
1904 515
1905 868
1906 869
1907 866
1908 867
1909 864
1910 865
1911 862
1912 863
1913 860
1914 861
1915 858
1916 859
1917 856
1918 857
1919 651
1920 669
1921 562
1922 668
1923 563
1924 667
1925 564
1926 666
1927 565
1928 665
1929 566
1930 664
1931 567
1932 663
1933 568
1934 662
1935 661
1936 660
1937 659
1938 571
1939 658
1940 572
1941 657
1942 573
1943 656
1944 574
1945 799
1946 575
1947 798
1948 576
1949 797
1950 577
1951 796
1952 569
1953 840
1954 841
1955 838
1956 839
1957 836
1958 837
1959 834
1960 835
1961 832
1962 833
1963 830
1964 831
1965 828
1966 829
1967 561
1968 578
1969 854
1970 855
1971 852
1972 853
1973 850
1974 851
1975 848
1976 849
1977 846
1978 847
1979 844
1980 845
1981 842
1982 843
1983 570
1984 678
1985 677
1986 553
1987 676
1988 554
1989 675
1990 555
1991 674
1992 556
1993 673
1994 557
1995 672
1996 558
1997 671
1998 559
1999 670
2000 687
2001 544
2002 686
2003 545
2004 685
2005 546
2006 684
2007 547
2008 683
2009 548
2010 682
2011 549
2012 681
2013 550
2014 680
2015 679
2016 560
2017 826
2018 827
2019 824
2020 825
2021 822
2022 823
2023 820
2024 821
2025 818
2026 819
2027 816
2028 817
2029 814
2030 815
2031 552
2032 551
2033 812
2034 813
2035 810
2036 811
2037 808
2038 809
2039 806
2040 807
2041 804
2042 805
2043 802
2044 803
2045 800
2046 801
2047 543
